Object: 304
Position: (249.49644470214844, -201.9656982421875, 45.28890609741211)
Rotation: (-15.538597106933594, -51.91447448730469, 0.0)

Object: 312
Position: (278.24676513671875, -268.1437072753906, 23.434940338134766)
Rotation: (-21.627710342407227, 99.6200942993164, 1.836865635596041e-06)

Object: 320
Position: (366.4630432128906, -190.00656127929688, 18.417552947998047)
Rotation: (-2.870147705078125, -137.79605102539062, 4.284915485186502e-05)

Spectator: 320
Position: (266.6875, -200.135986328125, 13.67677116394043)
Rotation: (5.6694254875183105, -32.59663391113281, 1.0724630072900254e-07)

