Object: 449
Position: (253.1565399169922, -192.037841796875, 11.452215194702148)
Rotation: (-8.259248733520508, -26.997024536132812, 4.3136080307704106e-07)

Object: 457
Position: (272.8572082519531, -240.29421997070312, 10.770989418029785)
Rotation: (-3.2897331714630127, 76.73198699951172, 2.0310594663897064e-06)

Object: 465
Position: (312.4906311035156, -178.72079467773438, 23.69350814819336)
Rotation: (-22.11788558959961, -141.04205322265625, 6.4511482378293294e-06)

Spectator: 465
Position: (289.1981506347656, -199.10501098632812, 12.367223739624023)
Rotation: (-13.928585052490234, -147.76133728027344, 9.676018635218497e-06)

